Pushing:
End1 = -0.003122, 0.310032, 0.012054, -2.495443, -0.008477, 2.804512, 0.801903
End2 = 0.00, 1.092539, 0.011473, -1.028987, -0.008504, 2.12294, 0.7976

Start1 = -0.0002, -0.7853, 0.0000, -2.3568, -0.0002, 1.5714, 0.7857
Start2 = -0.4, -0.7853, 0.0000, -2.3568, -0.0002, 1.5714, 0.7857
Start3 = 0.122534, -0.523906, 0.506351, -2.13661, 0.257771, 1.6661, 1.32876
Start4 = 0.000, -1.1133, 0.0001, -2.2431, -0.0005, 1.1387, 0.7862
Start5 = -0.000890348, -1.0615, 0.000348548, -2.68353, -0.000893145, 1.6268, 0.787581

